S1111111111111111111111111
11111111111111111111111111
11111111111111111111111111
11111111111111111111111111
11111111110111111111111111
11111111111111111111111111
11111111111111111111111111
11111111111111111111111111
11111111111111111111111111
11111011111111111111111111
11111111111111111111111111
11111111111111111111111111
11111111111111111111111111
11111111111111111111111111
11111111111111111111111111
11111111111111111111111111
11111111111111111111111111
11111111110111111111111111
11111111111111111111111111
11111111111111111111111111
11111111111111111111111111
11111111111111111111111111
11111011111111111111111111
11111111111111111111111111
11111111111111111111111111
1111111111111111111111111K

